0 0 0 0 0 0 0 0 
0 0 0 0 0 0 0 0 
0 0 0 0 0 0 0 0 
0 0 0 0 0.537506 1.17274 0.575249 0.398231 
0 0.388297 0.363478 0 0 0 0 0 
0 0 0.11095 0.459415 0.71397 1.01142 0.958486 0.519724 
0.0200719 0.418901 0.215089 0.219418 0.0496378 0 0 0 
0 0 0 0 0 0 0 0 
0 0 0 0 0 0 0 0 
0 0 0.414672 0 0 0 0 0 
0 1.87972 1.02611 0.693537 0.620319 0.666298 0.687192 1.28786 
0 0.572046 1.00626 0.959969 0.720509 1.37429 1.58855 2.64147 
0 0 0 0 0 0 0 0 
0 0 0 0 0 0.222314 0.641706 0.267862 
0 0 0 0 0 0 0 0 
0 0 0 0 0 0 0 0 
0.144866 0.147182 0.143419 0.13741 0.129632 0.127043 0.127038 0.120209 
0.139062 0.0705492 0.0477034 0.1491 0.136741 0.129684 0.130981 0.125326 
0 0 0 0 0.0887308 0.257805 0.140426 0 
0 0 0 0 0 0 0 0 
0 0 0 0 0 0 0 0 
0.0561088 0 0 0.216293 0.0315618 0.136159 0.155771 0 
0.351638 0.270191 0.288547 0.179534 0 0 0 0 
0.15619 0.0663178 0.0360085 0 0.035882 0.066578 0.0573948 0.00762023 
0 0 0 0 0 0 0 0 
0 0 0 0 0 0 0 0 
0 0 0 0 0 0 0 0 
0 0 0 0 0 0 0 0 
0 0.695922 0.767342 0.0631434 0 0 0 0.648126 
0 0 0.276148 0 0.251555 0.0990638 0 0.220427 
0 0 0 0 0 0.250627 0.325062 0.27341 
0 0 0 0.209587 0.178257 0.00761501 0.00731765 0.103494 
0 0 0 0 0 0 0 0 
0 0 0 0 0 0 0 0 
0 0 0 0 0 0 0 0 
0 0 0 0 0 0 0 0 
0 0.0222125 0 0 0 0 0 0 
0.286265 0.273696 0.361163 0.48466 0.39419 0.521276 0.551641 0.187636 
0.349843 0.400477 0.275832 0.180407 0.021872 0.190029 0.146429 0 
0 0.0390896 0.0703159 0.0261865 0 0.0130072 0.00538188 0 
0.0204637 0.0573194 0.0911495 0.112743 0.130675 0.145849 0.152028 0.269084 
0 0.393446 0.185855 0.0391688 0.0642588 0.0835641 0.0840521 0.214456 
0.472826 0.448135 0.0050607 0.252113 0.637788 0.303669 0.336304 0.344917 
0 0 0 0 0 0 0.873752 0.504711 
0 0 0 0 0 0 0 0 
0 0 0 0 0 0 0 0 
0 0 0 0 0 0 0 0 
0 0 0 0 0 0 0 0 
0 0 0 0 0 0 0 0 
0 0 0 0 0 0 0 0 
0 0.371625 0.81111 0 0 0 0 0 
0 0 0.602693 0.486562 0.246248 0 0 0 
0 0 0 0 0 0 0 0.761843 
0 0 0 0 0 0 0 0 
0 0 0 0 0 0 0 0 
0 0 0 0 0 0 0 0 
0.622953 0.542592 0.566899 0.587221 0.602448 0.606832 0.605856 0.644274 
0.536663 0.314384 0.323073 0.403338 0.460686 0.468862 0.465888 0.537892 
0 0 0 0 0 0 0 0 
0 0 0 0 0 0 0 0 
0 0 0 0 0 0 0 0 
0.130348 0 0 0 0 0 0 0 
0.0216674 0 0 0 0 0 0 0 
0.378829 0.0433532 0.0381064 0.00614643 0 0.0469076 0.0561189 0.242691 
0 0 0.0159869 0.0457101 0.0691496 0.088732 0.0992323 0.113811 
0 0.305596 0.188548 0 0.0136734 0.0307607 0.0362559 0.07546 
0.638046 0.0274277 0 0 0.397947 0.252795 0.014612 0 
0.247755 0.486448 0 0 0 0 0 0.329357 
0.161592 0.0428002 0 0 0 0 0 0 
0 0 0 0 0 0 0 0 
0 0 0 0 0 0 0 0 
0 0 0 0 0 0 0 0 
0 0 0 0 0 0 0 0 
0 0 0 0 0 0 0 0 
0 0.366724 0.400031 0 0 0 0 0.00388929 
0 0.345052 0.34165 0.237832 0.277516 0.0385755 0.194736 0.235675 
0 0 0 0 0 0 0 0.532006 
0 0 0 0 0 0 0 0 
0 0 0 0 0 0 0 0 
0 0 0 0 0 0 0 0 
0.298257 0.344712 0.334919 0.324564 0.315549 0.31184 0.309794 0.303268 
0.231419 0.101982 0 0.215891 0.228549 0.221608 0.219136 0.240036 
0 0 0 0 0 0 0 0 
0 0 0 0 0 0 0 0 
0 0 0 0 0 0 0 0 
0.244812 0.0608373 0.109856 0.176693 0 0 0 0 
0.278504 0.253396 0.267639 0.113502 0 0 0 0.0388421 
0.301722 0.270071 0.265943 0.228361 0.218484 0.265063 0.259877 0.24943 
0 0 0 0 0 0 0 0 
0 0 0 0 0 0 0 0 
0 1.39942 0 0 0 0 0.257559 0.532139 
0.17232 1.56997 0.579262 0.494453 0.740163 0.852481 0.995398 1.10378 
0.0172251 1.17122 0.806417 0.497931 0.443342 0.396013 0.213227 2.18504 
0 0.100308 0.169238 0.075053 0.169715 0.381933 0.319561 0.726517 
0 0.0219001 0 0.164812 0.69144 0.525852 0.527114 0.5403 
0 0 0 0 0 0 0 0 
0 0 0 0 0 0 0 0 
0 0 0 0 0 0 0 0 
0 0.600049 0.452845 0 0 0 0 0 
0 0.297283 0.324391 0.123019 0.406958 0.190232 0.306332 0.205611 
0 0.35864 0 0 0 0 0 1.35975 
0 0 0 0 0 0 0 0 
0 0 0 0 0 0 0 0 
0 0 0 0 0 0 0 0 
0.465495 0.701475 0.685672 0.666249 0.650628 0.642724 0.63935 0.657558 
0.328664 0.416979 0.584277 0.5734 0.551791 0.543831 0.538812 0.625177 
0 0 0 0.241653 0.440626 0.342596 0.0163947 0.232945 
0 0 0 0 0 0 0 0 
0 0 0 0 0 0 0 0 
0 0 0.0533963 0.293129 0.211112 0.253267 0.226153 0.660473 
0.0839567 0.500974 0.48578 0.218794 0 0 0 0.371427 
0.181047 0.296352 0.308984 0.280998 0.320878 0.333653 0.330005 0.549493 
0 0 0 0 0 0 0 0 
0 0 0 0 0 0 0 0 
0.421831 2.6413 0.656715 0 0 0.017316 0.854396 0.824764 
1.03348 1.43569 0.194515 0.497965 1.45665 0.600512 0.94839 0.0549068 
0 0.0325015 0 0 0.776887 0.329266 1.04607 1.40319 
0 0.138581 0 0 0 0 0 0 
0 0 0 0.22914 0.633364 0.271997 0.0971788 0 
0 0 0 0 0 0 0 0 
0 0 0 0 0 0 0 0 
0 0 0 0 0 0 0 0 
0 0 0 0 0 0 0 0 
0 0 0 0 0 0.00188041 0 0 
0 0 0 0 0 0 0 0 
0.15384 0 0 0.102298 0 0 0 0 
0.187427 0.13587 0.127724 0.0196759 0 0 0 0 
0 0 0 0 0 0 0 0 
0 0 0 0 0 0 0 0 
0 0 0 0 0 0 0 0 
0 0.0316279 0.847361 0 0 0 0 0 
0 0.074303 1.7588 0 1.10402 0.490768 0.712784 0.85276 
0 0.478467 0 0 0 0 0 2.24725 
0 0 0 0 0 0 0 0 
0 0 0 0 0 0 0 0 
0 0 0 0 0 0 0 0 
0 0 0 0 0 0 0 0 
0 0 0 0 0 0 0 0 
0 0.207452 0.203813 0.240533 0 0 0 0 
0.128713 0.18599 0.320087 0 0.350801 0.741253 0.0700066 0 
0 0.127801 0.331592 0.70335 0.732757 0.610022 0.575304 0.479225 
0.278392 0.1349 0 0 0 0 0 0 
0 0 0 0 0 0 0 0 
0 0 0 0 0 0 0 0 
0 0 0 0 0 0 0 0 
0 0 0 0 0 0 0 0 
0 0 0 0 0 0 0 0 
0 0 0 0 0 0 0 0 
0 0 0 0 0 0 0 0 
0 0 0 0 0 0 0 0 
0 0 0 0 0 0 0 0 
0 0 0 0 0 0 0 0 
0 0 0 0 0 0 0 0 
0 0 0 0 0 0 0 0 
0 0 0 0 0 0 0 0 
0 0 0 0 0 0.026419 0 0 
0 0 0 0 0 0.0410938 0 0 
0.191697 0.500794 0.268409 0.133164 0 0 0 0 
0.0382607 0.214768 0.197659 0.0227704 0 0 0 0 
0 0.0970409 0.0926747 0.0217824 0 0.0578471 0.0366936 0 
0.330004 0.425375 0.414393 0.406716 0.397138 0.394479 0.3948 0.409463 
0.176959 0 0 0.229647 0.235697 0.230111 0.228116 0.292735 
0 0 0 0 0 0 0 0 
0 0 0 0 0 0 0 0 
0.339423 0.414026 0.210583 0.342622 0 0 0.0158317 0.584588 
0 0.104849 0.247508 0.170925 0 0 0 0 
0.199378 0.157372 0.13511 0 0.0115961 0.292954 0.451156 0.515895 
0.288088 0.198972 0.255348 0.351741 0.301705 0.252572 0.294495 0.365874 
0 0 0 0 0 0 0 0 
0 0.0294653 0 0 0 0 0 0 
0.0988063 0 0 0 0.173217 0.150357 0 0 
0 0 0 0 0 0 0 0 
0 0 0 0 0 0 0 0 
0 0 0 0.0141179 0.196918 0.244485 0.1836 0 
0.170804 0.175964 0.184631 0.153175 0 0 0 0 
0 0 0 0 0 0 0 0 
0 0 0 0 0 0 0 0 
0 0.193705 0.067181 0 0 0 0 0 
0 0 0 0 0.0265897 0 0 0 
0.151396 0.771005 0 0 0 0 0 0 
0.0231203 0 0.146539 0 0.128758 0.0456014 0.0668254 0 
0.303886 0 0 0 0.200719 0.27131 0.166158 0.141013 
0 0 0 0 0 0 0 0 
0 0 0 0 0 0 0 0 
0 0 0 0 0 0 0 0.0688022 
0.0770847 0.186106 0.00872412 0.0291475 0.0674473 0.0735113 0.0731862 0.0996713 
0 0 0 0 0 0 0 0 
0 0 0 0 0 0 0 0 
0 0 0 0 0 0 0 0 
0 0 0 0 0 0.0230553 0.0563711 0 
0.0562316 0 0 0 0 0 0 0 
0.0927231 0.0460895 0.0462685 0.0240848 0.0540774 0.0536733 0.0583214 0.0617238 
0 0 0 0 0 0 0 0 
0 0 0 0 0 0 0 0 
0 0.0486006 0.0201353 0 0 0 0 0 
0 0.53959 0 0 0 0 0.0477602 0 
0 0.0339276 0 0 0.236338 0.0667759 0 0.521874 
0 0 0 0 0 0 0 0 
0 0 0 0 0 0 0 0 
0 0 0 0 0 0 0 0 
0 0 0 0 0 0 0 0 
0 0 0 0 0 0 0 0 
0.0168221 0.109457 0 0 0 0.00690548 0.194675 0.147258 
0 0 0 0.11499 0.302315 0.314582 0.113883 0.177971 
0 0 0 0 0 0 0 0.375108 
0 0 0 0 0 0 0 0 
0 0 0 0 0 0 0 0 
0 0 0 0 0 0 0 0 
0 0 0 0 0 0 0 0 
0 0 0 0 0 0 0 0 
0 0 0 0 0 0 0 0 
0 0 0 0 0 0 0 0 
0 0.213486 0 0 0.207644 0.755021 0.528036 0.0475694 
0.403435 0.824511 0.615812 0.379073 0.346395 0.353391 0.217971 0 
0.183648 0.139232 0.0476354 0 0 0.268533 0.223998 0 
0.0196258 0.0864637 0.138431 0.159782 0.0729704 0.0678147 0.0763813 0 
0.116702 0.221657 0.252639 0.270308 0.284746 0.301613 0.313991 0.333182 
0.437227 0.674465 0.765277 0.539818 0.547766 0.552887 0.557007 0.480888 
0.750463 0 0 0 0.475099 0.571609 0.406066 0 
1.1515 1.35835 0 0 0 0 0 0.70943 
1.01172 0.657634 0.7503 0 0 0 0.0553638 0 
0.661648 0.112877 0.49297 0.942637 1.05551 1.14854 1.38135 0.926177 
0.95696 0.596767 0.540688 0.69264 0.646721 0.69446 0.711314 0.421201 
0.733004 0.473579 0.523185 0.603591 0.489354 0.494073 0.50645 0.407167 
0 0 0 0 0 0 0 0 
0 0 0 0 0 0 0 0 
0 0 0 0 0 0 0 0 
0 0 0 0 0.00539184 0 0 0 
0 0 0 0 0 0 0 0 
0 0 0 0 0 0 0 0 
0 0 0 0 0 0 0 0 
0 0 0 0 0 0 0 0 
0 0 0 0 0 0 0 0 
0.192439 0.750666 1.13955 0.100762 0 0.0110489 0.0104356 0 
1.39941 0.870744 0 0.132707 1.43897 1.13648 0.398514 0.382375 
0.427547 1.47515 0 0.703671 1.00307 0 1.27938 3.25698 
0.408999 0 0 0 0 0 0 0 
0 0 0 0 0.0548079 0.400329 0.718608 0.0845974 
0 0 0 0 0 0 0 0 
0 0 0 0 0 0 0 0 
0 0 0 0 0 0 0 0 
0 0 0 0 0 0 0 0 
0 0 0 0 0 0 0 0 
0 0 0 0 0 0.297266 0 0 
0 0 0.0871934 0.0476741 0.333306 1.09193 0.41675 0.309035 
0.306675 0.786232 0.534157 0.437487 0.199586 0.367473 0.210414 0.254053 
0.191482 0.499507 0.443995 0.17354 0.271079 0.401983 0.279064 0.270407 
0 0.213333 0.202877 0.121057 0.142515 0.162364 0.147894 0.0659297 
0.349101 0.49354 0.503208 0.507601 0.51126 0.516087 0.519698 0.564085 
0.229872 0.258843 0.364791 0.365701 0.375902 0.380454 0.380475 0.50138 
0 0 0 0 0.0525724 0.00400525 0 0.0641912 
0 0 0 0 0 0 0 0 
0 0 0 0 0 0 0 0 
0 0 0 0 0 0 0 0.32064 
0.0301089 0.142269 0.121838 0 0 0 0 0.27563 
0.18348 0.197071 0.192398 0.15949 0.188569 0.226711 0.231497 0.473058 
